0187949032
0288859020
0395730045
0423900056
0462435036
0485553026
0485688023
0485689035
0485746011
0499368016
0524006016
0539060038
0540614019
0540930016
0541308039
0542551022
0543054018
0543054019
0546565011
0556539042
0559482017
0566320039
0566320040
0573085059
0577294041
0579010045
0579541095
0589520018
0592932025
0611415044
0623765036
0623980029
0623980033
0624959032
0626959005
0645920007
0655833015
0656491010
0659808026
0664024009
0669999010
0670334031
0671519015
0678157009
0682238033
0683001030
0684062022
0684062023
0688464053
0688916063
0688916064
0689011022
0689014022
0689014023
0694680013
0694709020
0696142005
0697082010
0701695010
0703634009
0709023006
0710876047
0714900007
0717773052
0723694004
0723930012
0725812004
0727785007
0727947012
0736944011
0738627007
0738859011
0740927008
0742742018
0742742019
0742742021
0742745011
0743907022
0743909023
0743910010
0744355019
0746260014
0748566037
0748751011
0749175017
0749268005
0750904010
0752869010
0753301003
0753832003
0754387014
0754598011
0756099018
0757903025
0757904022
0757906006
0757906010
0760195005
0760876012
0760876014
0760876015
0760876016
0760876018
0760876020
0763200009
0764919004
0767473010
0767577065
0768913003
0769102069
0769814019
0770315023
0770703011
0770764003
0770764004
0771328005
0771328006
0772373007
0775825004
0776350013
0778745012
0778754004
0780046002
0780418020
0780418022
0780418026
0780418027
0780947004
0780947005
0780969006
0781638008
0781746002
0781999003
0782880016
0782904002
0782904003
0783144008
0785948038
0786271004
0788824004
0789158008
0789158009
0790368011
0790518006
0791589020
0791837020
0795458014
0795458015
0796794003
0798972014
0801320003
0801320004
0802286007
0802286008
0804759022
0804759023
0804994002
0806847020
0807005009
0807241056
0807241058
0807241063
0807241090
0810737014
0811644003
0811649003
0814306012
0816598009
0816919011
0816919012
0816919014
0818326003
0818553004
0818553006
0818671003
0819231006
0819500005
0819520006
0820048005
0820526009
0821395015
0821648008
0821648009
0822495008
0822495009
0822495012
0823486003
0824038005
0824526007
0824983008
0827907013
0828268004
0828912003
0833983002
0834069004
0834069005
0834661009
0835390005
0837680007
0839453002
0842028009
0842054003
0842057006
0842066003
0842067007
0842067011
0842069003
0842070003
0844059013
0845427014
0845427018
0845860003
0845921002
0845923007
0845936004
0845941001
0846607009
0850137003
0850137009
0850137032
0850784005
0850791003
0850792004
0850797002
0851659004
0852739006
0853914002
0856342002
0857030006
0857345004
0858306004
0858320003
0858321003
0859174030
0859458011
0859627003
0860135009
0860624013
0860624016
0860752003
0860754003
0860948020
0862368008
0863103009
0863429002
0863438002
0863574004
0863603001
0863603002
0863644007
0863644008
0863646007
0863646009
0863849007
0863849008
0864443009
0865426002
0865621014
0865791004
0865929008
0865935007
0865939002
0865973009
0866126003
0866665003
0866731006
0867024005
0867105002
0867215002
0867463001
0867509007
0867729003
0867968006
0867985003
0867994005
0868128001
0868270013
0868444029
0868474001
0868480004
0868597008
0868810001
0869158007
0869264001
0869264002
0869264003
0869264005
0869297001
0869299007
0869554003
0869839011
0869872011
0869953006
0870044004
0870049009
0870059005
0870061001
0870328004
0870505001
0870517023
0870517024
0870524013
0870528013
0870529016
0870578012
0870695002
0870696001
0870696002
0870697004
0870707006
0870710001
0870982001
0871176001
0871176002
0871176003
0871176007
0871418002
0871669010
0871669015
0872113001
0872122001
0872135001
0872215005
0872568003
0872645005
0872645006
0872826004
0872826009
0872850001
0872850002
0872910005
0872979003
0872995004
0872995011
0872995012
0873000007
0873093016
0873109001
0873790006
0873884002
0873884003
0874110004
0874113019
0874256002
0874256003
0874356002
0874587004
0874587007
0874620003
0874622002
0874754006
0874754007
0874754009
0874816006
0874817001
0874818003
0875014001
0875052002
0875117002
0875260002
0875320004
0875892008
0875893008
0875996003
0876144002
0876151003
0876372004
0876721001
0877531001
0877531002
0877736002
0877933001
0878229003
0878300002
0878363003
0878604004
0878614002
0879368001
0879403001
0879646004
0879690001
0879744001
0879774006
0879793001
0879875002
0879953001
0880030001
0880118004
0880118005
0880118010
0880542001
0880651001
0881103001
0881111007
0881131001
0881133002
0881349003
0881591002
0881591003
0882037001
0882057002
0882057003
0882159001
0882814004
0882900019
0883157002
0883174002
0883425002
0883425004
0883435005
0883454003
0883621002
0883621003
0883939001
0883965001
0883980001
0883980002
0883980004
0883980005
0884024004
0884243001
0884465004
0884950001
0885251002
0885490002
0885572002
0885919010
0885922001
0885922003
0885922005
0885922006
0886179005
0886347001
0886997001
0887085001
0887089001
0887200004
0887451001
0887555001
0887559001
0887559003
0887559004
0887559005
0887563004
0888045005
0888161002
0888331023
0888448001
0888455004
0888490002
0888512001
0888614001
0888988006
0889114001
0889172001
0889434001
0889477002
0889573004
0889974001
0890022003
0890030001
0890118001
0890254001
0890397004
0890397005
0890419002
0890516004
0890550002
0890577001
0890919001
0890959001
0891105003
0891247001
0891726003
0891822003
0891890011
0891890032
0892574001
0892582001
0892642006
0892896005
0892966001
0893198001
0893404001
0893416002
0893541001
0893556003
0893589001
0893942001
0893942002
0893942003
0894705001
0894719001
0894719002
0894749001
0894758006
0894760001
0894760002
0894763001
0894945001
0895563002
0895707001
0896064005
0896149001
0896195002
0896230001
0896230005
0896236001
0896243001
0896329002
0896683001
0896757001
0896762001
0896762004
0896991001
0897089004
0897098002
0897108003
0897191003
0897199001
0897358003
0897913001
0897917001
0897951001
0898315002
0898320001
0898434001
0898890004
0898991002
0899007003
0899012002
0899296001
0899972002
0900170002
0900230003
0900373001
0900424001
0900551001
0900794001
0900981001
0901533003
0901678001
0901831004
0902066001
0902067001
0902388008
0902443007
0902486001
0902486003
0902509002
0902518011
0902858001
0902874001
0902952001
0902980002
0902999003
0903004001
0903017001
0903096003
0903210003
0903215002
0903266002
0903275001
0903459003
0903550001
0903628001
0903646001
0903647002
0903727001
0903727004
0903866001
0903922001
0903934004
0903951003
0904095001
0904113001
0904121001
0904134001
0904134002
0904286001
0904801004
0904842007
0904922001
0905087001
0905254012
0905315001
0905351002
0905365005
0905724001
0905797001
0905797002
0905852002
0905868001
0905894004
0905902001
0905945003
0906097003
0906098002
0906100003
0906105001
0906105003
0906125001
0906304001
0906304002
0906352002
0906474003
0906574001
0906576001
0906623002
0906656001
0906792003
0906843002
0907077007
0907278001
0907395001
0907396001
0907398002
0907585001
0907788001
0907788003
0907788004
0907823001
0907953001
0907953002
0907953003
0908220003
0908465006
0908490001
0908584003
0909004001
0909014007
0909067001
0909068001
0909071001
0909072001
0909073001
0909074001
0909076001
0909077001
0909082001
0909100001
0909179002
0909279001
0909284002
0909288001
0909292002
0909319001
0909358001
0909742001
0909846001
0909872005
0909888004
0909888010
0909917001
0910010001
0910010003
0910135001
0910162008
0911111004
0911294002
0911301002
0911311001
0911445001
0911449002
0911454001
0911493002
0911521001
0911614002
0911717001
0911789001
0911977001
0911979004
0912018001
0912049001
0912049002
0912051001
0912094001
0912095006
0912105001
0912111002
0912114001
0912117002
0912117003
0912119001
0912122002
0912129001
0912129002
0912138001
0912156001
0912164001
0912198001
0912205001
0912217002
0912223001
0912226001
0912258004
0912269001
0912282001
0912308001
0912312001
0912336002
0912349001
0912715002
0912911001
0913018002
0913693001
0913696002
0913743001
0914078003
0914386001
0914414001
0914805001
0914882002
0914892001
0914892003
0915256002
0915362001
0915611005
0915611010
0915611012
0915797001
0915850001
0916256008
0916274001
0916321001
0916493001
0916598002
0916725001
0916757002
0916757003
0916866003
0917000002
0917000003
0917203001
0917203003
0917258001
0917287002
0917288001
0917321001
0917337001
0917397001
0917476001
0917491001
0917610001
0917610002
0917680001
0917694001
0917808002
0918201002
0918240004
0918602002
0918924001
0918983002
0919499009
0919669002
0919896001
0919896002
0919910002
0919952001
0919972002
0920158001
0920159003
0920352007
0920357001
0920366001
0920419002
0920419003
0920491001
0920491002
0920529006
0920678001
0921034002
0921073003
0921169001
0921295001
0921301001
0921408001
0921433003
0921538001
0921591002
0921613001
0921620003
0921634001
0921675001
0921756001
0921757003
0921772001
0921829002
0922028002
0922028003
0922061003
0922064001
0922065001
0922065002
0922455001
0922775001
0922775002
0923134008
0923134016
0923168002
0923370001
0923522005
0923532002
0923534003
0923534009
0923569005
0923574001
0923576002
0923599001
0923599002
0923718001
0923753001
0923865001
0923942001
0924011001
0924045001
0924320001
0924439001
0924492001
0924650001
0924878001
0925022002
0925107001
0925170002
0925406001
0925514001
0925551001
0925554001
0925554002
0925666004
0925666013
0925777001
0925779001
0926010001
0926037001
0926063001
0926266001
0926285003
0926346001
0926346003
0926502002
0926643001
0926643002
0926652001
0926826001
0926880001
0926880002
0927006001
0927017001
0927026001
0927068002
0927126002
0927131002
0927213001
0927662002
0927903001
0927922004
0927936002
0928020001
0928098004
0928125001
0928189001
0928228001
0928928001
0929506001
0929590001
0929599002
0929662001
0929662002
0929734001
0930032001
0930032002
0930283001
0930283002
0930284002
0930380002
0930405001
0930643001
0930757003
0930796001
0930919002
0931052001
0931052003
0931183001
0931300002
0931809001
0931970001
0932105001
0932117003
0932382001
0932383002
0932417001
0932666001
0932872001
0932896002
0932958001
0932958002
0933111002
0933776002
0933776003
0933820001
0933820003
0933821002
0933821003
0933905001
0933905002
0933906002
0933909001
0934039001
0934091001
0934259001
0934371003
0934668001
0934957001
0934957003
0935243001
0935428001
0935463001
0935535005
0935596001
0935659001
0935659003
0935667001
0935704001
0935973001
0935985001
0936180001
0936637001
0936637002
0936726002
0936776001
0936776002
0936879002
0937666002
0937667002
0937716001
0937965001
0937965002
0937997001
0938143001
0938153001
0938169002
0938281001
0938318001
0938364002
0938552001
0938657001
0938946001
0939544001
0939549002
0939549003
0939550001
0939550004
0939551002
0939657001
0941075001
0941601001
0942036001
0942040001
0942042001
0942106001
0942223001
0942451002
0942684001
0942749001
0943024001
0943256001
0943264001
0943454001
0943879001
0944231002
0944233001
0944309001
0944309002
0944637001
0945308001
0946476001
0946504001
0946506001
0946506002
0946507001
0946507002
0947235001
0947310001
0947528001
0947538001
0948758001
0948766001
0948997001
0949143001
0949323002
0950449002
0952937003
0957375001
0959461001
