0108775015
0156224002
0425529003
0188183001
0184123020
0457322003
0241436001
0179950001
0392820002
0204892024
0235596002
0218829002
0126589006
0146721001
0176754001
0192960023
0339252007
0348657006
0315795001
0465816001
0310365019
0215303001
0350911001
0289597012
0446367002
0417427001
0349301001
0181160009
0494094001
0264713001
0492841004
0278563001
0512417004
0319906001
0212042036
0483597002
0520390004
0505573003
0500825003
0828326001
0461414008
0521393002
0475179002
0423539002
0176550016
0709745001
0803173003
0216081011
0112679048
0116379047
0189955076
0146706001
0316085001
0404609007
0203595034
0341242001
0486769001
0282832001
0312878001
0241590001
0192460006
0277738002
0426019007
0465572001
0410291003
0118458003
0111586001
0199119038
0189626001
0442344003
0294008002
0420396005
0527894001
0537732001
0184583014
0485549002
0549596001
0519930001
0532138001
0325542020
0141661022
0359504016
0211143021
0184121021
0449175002
0563404001
0111565003
0576978001
0111565001
0296476008
0110065001
0198518010
0176209023
0738103001
0615576001
0670590001
0832168001
0867904001
0695341001
0682238003
0880106001
0822568001
0633152012
0721805001
0650534001
0920602001
0816846001
0920591001
0816814001
0850239001
0755356001
0335991001
0423539001
0757884002
0499334001
0691695001
0710695019
0687347001
0375917001
0914026002
0620425001
0523488001
0756684003
0339252001
0906372001
0916926003
0795921001
0855507001
0130035001
0874961001
0852389001
0317055012
0378447031
0162074062
0174057029
0269342025
0217207048
0224606022
0126589010
0225784037
0244267017
0235732026
0496632001
0108775051
0189616028
0126589007
0189616006
0283532005
0304778008
0156289011
0395658031
0183815013
0244267029
0488697029
0747564009
0592986010
0186262013
0126589011
0369796032
0126589012
0114428030
0108775044
0110065011
0212766042
0153115040
0176209025
0213691073
0254303059
0174057036
0176209044
0225784039
0212629049
0201219016
0194270045
0247072018
0181448106
0120129018
0181448103
0141661025
0118458034
0153115039
0369423004
0341917002
0237347028
0181448104
0490676011
0112679052
0453065031
0174057030
0194270046
0351933041
0453272037
0217207045
0260736030
0188183015
0316657008
0118458039
0644585001
0649000001
0399061008
0511033001
0500262002
0503095001
0540338003
0309509009
0499305001
0469649004
0463670002
0114428026
0594987002
0253448056
0355421003
0316553025
0548549001
0477576021
0453491005
0423112004
0327310001
0490275001
0457618016
0479232009
0497716012
0457412038
0414577001
0476961005
0502118001
0510159001
0677760001
0244267001
0450932007
0480405002
0445419001
0457722001
0189616001
0405586006
0644300001
0460302004
0446224001
0544718001
0241412038
0548553004
0481550003
0383569008
0424022011
0513402001
0482160001
0350082029
0254940026
0455491010
0659573001
0485521001
0649308001
0301364029
0304946034
0572804001
0305305010
0301656013
0549262001
0617725015
0301656018
0458851001
0483731003
0386681013
0496891001
0498171001
0297796002
0484134006
0336881001
0393750002
0249136006
0120129001
0393993002
0452717001
0269342021
0532421001
0822392001
0820048002
0349669005
0637516001
0523533003
0411974005
0546392003
0551839001
0312829010
0807071001
0312829006
0496159001
0458032003
0160442042
0160442007
0301213001
0591334003
0278811002
0460363011
0845052001
0618899007
0477507001
0711823014
0489435014
0618714001
0838780002
0289834016
0233091003
0213690001
0644062001
0565952002
0477970001
0689893001
0706697002
0453272014
0497895001
0458083003
0458083007
0447201003
0468591003
0519024006
0453445014
0499553001
0515346001
0447264003
0445400005
0500846010
0344625009
0455504002
0456834011
0449648007
0562746001
0499393004
0520363002
0502941004
0438460001
0621073001
0497366003
0504404002
0467191004
0501405001
0444404001
0451286002
0628720001
0644065001
0384482001
0517378001
0219075014
0250457010
0397068001
0365058001
0408104020
0212766041
0411758001
0368300006
0471714002
0392938024
0501509001
0497787001
0451019010
0506014001
0304576027
0378124004
0443262014
0557247005
0456634016
0515692001
0233672016
0302311022
0275362021
0399589005
0917293003
0657617001
0447681002
0412031001
0366686001
0401020001
0617725001
0300907006
0252298002
0241412034
0667409001
0498735003
0498674002
0506410006
0466666003
0506491001
0333323008
0515748004
0522590003
0616129001
0475997001
0507320003
0416175013
0453239021
0486723001
0616597001
0301227002
0382468007
0302334001
0539217003
0550827002
0532102011
0485098001
0470766003
0484760002
0480579011
0481145001
0568732001
0478818001
0503808002
0501886001
0601551001
0194902033
0820934002
0490048004
0621766001
0515459004
0685143005
0497154001
0650790002
0840576001
0696090001
0504743004
0327821003
0261526007
0257430026
0163734002
0261840008
0642910008
0552249001
0544777002
0558178001
0367376002
0450056005
0449744019
0150959011
0468666002
0498619002
0501921001
0145872001
0516898007
0700170003
0391750001
0392938001
0459617002
0490856006
0505284001
0399036011
0497741001
0476096003
0291957007
0337777001
0500018002
0260736025
0495360001
0687914001
0494472001
0348168005
0309864002
0546389002
0448831026
0234187001
0523936003
